keep_prob: 0.7
hidden_size: 100
emb_size: 50
train_path: ./datasets/msmarco/train/person.json
val_path: ./datasets/msmarco/dev/person.json
epochs: 20
batch_size: 64
learning_rate: 0.5
model_file: baseline.py
date: 4/18/2017 5:30pm
val_begin_acc: 0.4393063583815029
val_end_acc: 0.4161849710982659

eval_output:
{'reflen': 1317, 'correct': [736, 593, 484, 428], 'testlen': 1798, 'guess': [1798, 1639, 1485, 1396]}
ratio: 1.3652239939245518
############################
bleu_1: 0.40934371523892693
bleu_2: 0.3848415306903258
bleu_3: 0.3641057954053657
bleu_4: 0.3487869934449224
rouge_l: 0.488928639296
############################ 

*********************************************************************************************************

keep_prob: 0.7
hidden_size: 100
emb_size: 50
train_path: ./datasets/msmarco/train/location.json
val_path: ./datasets/msmarco/dev/location.json
epochs: 20
batch_size: 64
learning_rate: 0.5
model_file: baseline.py
date: 4/19/2017 12:45pm
val_begin_acc: 0.3323943661971831
val_end_acc: 0.4225352112676056

eval_output:
{'guess': [4381, 4059, 3754, 3477], 'testlen': 4381, 'correct': [2059, 1724, 1493, 1310], 'reflen': 3961}
ratio: 1.10603382984067
############################
bleu_1: 0.46998402191269795
bleu_2: 0.4467871272457427
bleu_3: 0.42978931506295565
bleu_4: 0.41587073696537397
rouge_l: 0.471668839126
############################

*********************************************************************************************************

keep_prob: 0.7
hidden_size: 100
emb_size: 50
train_path: ./datasets/msmarco/train/person.json
val_path: ./datasets/msmarco/dev/person.json
epochs: 100
batch_size: 64
learning_rate: 0.1
model_file: baseline.py
date: 4/19/2017 12:45pm
val_begin_acc: 0.3323943661971831
val_end_acc: 0.4225352112676056

eval_output:
{'guess': [4381, 4059, 3754, 3477], 'testlen': 4381, 'correct': [2059, 1724, 1493, 1310], 'reflen': 3961}
ratio: 1.10603382984067
############################
bleu_1: 0.46998402191269795
bleu_2: 0.4467871272457427
bleu_3: 0.42978931506295565
bleu_4: 0.41587073696537397
rouge_l: 0.471668839126
############################

*********************************************************************************************************

keep_prob: 0.7
hidden_size: 100
emb_size: 50
train_path: ./datasets/msmarco/train/location.json
val_path: ./datasets/msmarco/dev/location.json
epochs: 30
batch_size: 1024
learning_rate: 0.5
model_file: baseline_model.py
date: 4/23/2017

Validation Data:
begin accuracy: 0.37746478873239436
end accuracy: 0.4647887323943662
{'guess': [5551, 5210, 4897, 4623], 'testlen': 5551, 'correct': [2603, 2232, 1989, 1806], 'reflen': 3961}
ratio: 1.4014137843975256
############################
bleu_1: 0.46892451810476143
bleu_2: 0.44820810314568854
bleu_3: 0.4337318975861968
bleu_4: 0.42253674736698943
rouge_l: 0.532828285773
############################


*********************************************************************************************************

keep_prob: 0.7
hidden_size: 100
emb_size: 50
train_path: ./datasets/msmarco/train/location.json
val_path: ./datasets/msmarco/dev/location.json
epochs: 30
batch_size: 256
learning_rate: 0.5
model_file: attention_model.py
date: 4/23/2017

begin accuracy: 0.3352112676056338
end accuracy: 0.4394366197183099
{'guess': [5107, 4769, 4462, 4189], 'correct': [2388, 2030, 1785, 1604], 'reflen': 3961, 'testlen': 5107}
ratio: 1.289320878565693
############################
bleu_1: 0.46759349911876485
bleu_2: 0.44613735692926276
bleu_3: 0.43021143017416286
bleu_4: 0.41786400222525066
rouge_l: 0.50543135759
############################
