keep_prob: 0.7
hidden_size: 100
emb_size: 50
train_path: ./datasets/msmarco/train/person.json
val_path: ./datasets/msmarco/dev/person.json
epochs: 20
batch_size: 64
learning_rate: 0.5
model_file: baseline.py
date: 4/18/2017 5:30pm
val_begin_acc: 0.4393063583815029
val_end_acc: 0.4161849710982659

eval_output:
{'reflen': 1317, 'correct': [736, 593, 484, 428], 'testlen': 1798, 'guess': [1798, 1639, 1485, 1396]}
ratio: 1.3652239939245518
############################
bleu_1: 0.40934371523892693
bleu_2: 0.3848415306903258
bleu_3: 0.3641057954053657
bleu_4: 0.3487869934449224
rouge_l: 0.488928639296
############################ 

**********************************************************************************************